((("flags_d" .
   [5 0 0 0 0 0 0])
  ("tot_size" .
   [5 0 0 0 0 0 0 0])
  ("warp" .
   [1 0 0 0])
  ("lane" .
   [1 0 0 0])
  ("remVolatile" .
   [3 0 0 0 0 0 0 1 0 0 0])
  ("test" .
   [2 0 0 0])
  ("warpid" .
   [8 0 0 0 0 0])
  ("apply" .
   [1 0 0 0 0])
  ("OP" .
   [1 0])
  ("lgWARP" .
   [2 0 0 0 0 0])
  ("unroll" .
   [1 0 0 0 0 0])
  ("WARP" .
   [2 0 0 0])
  ("idx" .
   [12 0 0])
  ("ptr" .
   [20 0 0])
  ("printf" .
   [8 0 0 0 0 0])
  ("uint32_t" .
   [10 0 0 0 0 0 0 0])
  ("loc_ind" .
   [6 0 0 0 0 0 0])
  ("threadIdx" .
   [5 0 0 0 0 0 3 0 0])
  ("CHUNK" .
   [3 0 0 0 0])
  ("blockIdx" .
   [2 0 0 0 0 0 0 0])
  ("index" .
   [2 0 0 0 0])))
